jar	jar_weight	plot	plant	depth	soil_jar	density_40	density_2H
1	174.44	G01R	G	0	219.18	1.01	1.0065
2	194.94	G02L	G	0	239.74	1.009	1.0045
3	210.02	G03	G	0	254.99	1.0075	1.0033
4	194.88	G04L	G	0	239.11	1.007	1.0035
5	201.96	G05R	G	0	247.03	1.007	1.003
6	210.34	G06R	G	0	255.08	1.008	1.0039
7	195.53	G07L	G	0	240.8	1.007	1.0032
8	213.73	G08L	G	0	259.09	1.0071	1.0041
9	175.4	G09L	G	0	220.93	1.0079	1.004
10	212.18	G10L	G	0	257.62	1.0078	1.004
11	215.1	G11R	G	0	260.07	1.0085	1.004
12	201.75	G12R	G	0	246.4	1.0073	1.0042
13	214.79	G13L	G	0	258.99	1.007	1.0044
14	202.06	G14R	G	0	246.95	1.008	1.004
15	211.38	G15R	G	0	259.53	1.0082	1.0041
16	174.44	G16R	G	0	219.29	1.0098	1.0043
17	194.94	G17R	G	0	239.97	1.008	1.004
18	210.02	G18R	G	0	259.87	1.008	1.004
19	195	G19L	G	0	240.06	1.0073	1.0037
20	214.22	G20L	G	0	256.56	1.0083	1.0042
21	202	G21L	G	0	247.09	1.008	1.0045
22	195.53	G22L	G	0	240.53	1.0093	1.0052
23	213.73	G23L	G	0	254.92	1.0078	1.006
24	175.4	G24R	G	0	219.96	1.0075	1.004
25	202	G01R	G	15	246.78	1.0105	1.006
26	175.51	G02L	G	15	220.56	1.009	1.0049
27	210.69	G03	G	15	255.88	1.008	1.004
28	202.06	G04L	G	15	247.12	1.0075	1.0032
29	212.18	G05R	G	15	256.72	1.0075	1.004
30	215.1	G06R	G	15	256.14	1.008	1.004
31	201.75	G07L	G	15	247	1.007	1.0036
32	214.79	G08L	G	15	259.65	1.0072	1.0041
33	202.06	G09L	G	15	246.88	1.0081	1.005
34	211.38	G10L	G	15	256.89	1.0073	1.0042
35	174.44	G11R	G	15	219.92	1.0077	1.0041
36	194.94	G12R	G	15	239.62	1.0072	1.0045
37	210.02	G13L	G	15	259.68	1.0072	1.0045
38	195	G14R	G	15	240.4	1.0075	1.0041
39	214.22	G15R	G	15	256.41	1.008	1.0041
40	202	G16R	G	15	247.22	1.0098	1.0041
41	175.51	G17R	G	15	220.16	1.008	1.004
42	210.69	G18R	G	15	255.23	1.008	1.0042
43	194.96	G19L	G	15	239.82	1.0087	1.004
44	211.19	G20L	G	15	256.11	1.0086	1.005
45	194.88	G21L	G	15	239.56	1.0085	1.005
46	201.75	G22L	G	15	246.73	1.0091	1.0058
47	214.79	G23L	G	15	258.05	1.009	1.0061
48	202.06	G24R	G	15	246.63	1.008	1.0041
49	194.88	G01R	G	30	239.89	1.01	1.006
50	201.96	G02L	G	30	246.97	1.009	1.005
51	210.34	G03	G	30	255.14	1.008	1.004
52	175.4	G04L	G	30	219.89	1.009	1.0051
53	211.38	G05R	G	30	256.01	1.0072	1.004
54	174.44	G06R	G	30	219.68	1.007	1.003
55	194.94	G07L	G	30	240.04	1.007	1.0039
56	210.02	G08L	G	30	260.03	1.009	1.0055
57	195	G09L	G	30	240.46	1.008	1.005
58	214.22	G10L	G	30	259.36	1.0084	1.005
59	202	G11R	G	30	246.71	1.0071	1.0042
60	175.51	G12R	G	30	220.82	1.008	1.0051
61	210.69	G13L	G	30	255.31	1.0072	1.0048
62	194.96	G14R	G	30	239.48	1.0082	1.005
63	211.19	G15R	G	30	256.62	1.0078	1.0043
64	194.88	G16R	G	30	247.44	1.011	1.005
65	201.96	G17R	G	30	246.75	1.0087	1.0043
66	210.34	G18R	G	30	259.89	1.0082	1.0047
67	195.53	G19L	G	30	240.25	1.0083	1.0045
68	213.73	G20L	G	30	255.42	1.009	1.006
69	175.4	G21L	G	30	220.55	1.0085	1.005
70	194.94	G22L	G	30	239.18	1.0094	1.0055
71	210.02	G23L	G	30	259.13	1.009	1.0058
72	195	G24R	G	30	239.49	1.008	1.004
73	175.4	G01R	G	45	220.44	1.01	1.006
74	212.18	G02L	G	45	256.9	1.009	1.0051
75	215.1	G03	G	45	260.31	1.008	1.0032
76	195	G04L	G	45	240.86	1.008	1.0045
77	214.22	G05R	G	45	258.94	1.008	1.004
78	202	G06R	G	45	246.8	1.0072	1.0035
79	175.51	G07L	G	45	220.78	1.007	1.004
80	210.69	G08L	G	45	255.84	1.0089	1.0055
81	194.96	G09L	G	45	240.21	1.0088	1.0052
82	211.19	G10L	G	45	256.31	1.0091	1.006
83	194.88	G11R	G	45	239.7	1.0072	1.005
84	201.96	G12R	G	45	246.98	1.0081	1.0052
85	210.34	G13L	G	45	259.61	1.0081	1.0051
86	195.53	G14R	G	45	240.81	1.0089	1.0055
87	213.73	G15R	G	45	255.03	1.008	1.0042
88	175.4	G16R	G	45	220.24	1.0096	1.0045
89	212.18	G17R	G	45	257.15	1.0092	1.0055
90	215.1	G18R	G	45	254.54	1.0085	1.0052
91	201.75	G19L	G	45	246.38	1.0085	1.0051
92	214.79	G20L	G	45	258.38	1.01	1.0067
93	202.06	G21L	G	45	246.72	1.0093	1.006
94	175.51	G22L	G	45	220.16	1.0105	1.007
95	210.69	G23L	G	45	254.83	1.01	1.0072
96	194.96	G24R	G	45	239.73	1.008	1.0043
97	202.06	G01R	G	100	246.62	1.0113	1.008
98	211.38	G02L	G	100	255.9	1.011	1.007
99	174.44	G03	G	100	219.07	1.011	1.007
100	194.96	G04L	G	100	240.07	1.01	1.007
101	211.19	G05R	G	100	256.11	1.0103	1.0075
102	194.88	G06R	G	100	239.78	1.009	1.006
103	201.96	G07L	G	100	247.05	1.01	1.0067
104	210.34	G08L	G	100	254.92	1.011	1.0081
105	195.53	G09L	G	100	240.56	1.0105	1.0072
106	213.73	G10L	G	100	259.01	1.01	1.0071
107	175.4	G11R	G	100	220.14	1.0095	1.0067
108	212.18	G12R	G	100	256.55	1.0102	1.0082
109	215.1	G13L	G	100	254.95	1.0092	1.0068
110	201.75	G14R	G	100	246.55	1.007	1.0118
111	214.79	G15R	G	100	258.4	1.011	1.0072
112	202.06	G16R	G	100	246.77	1.0103	1.0057
113	211.38	G17R	G	100	258.83	1.0111	1.0072
114	174.44	G18R	G	100	218.55	1.011	1.008
115	194.94	G19L	G	100	239.26	1.0122	1.0085
116	210.02	G20L	G	100	259.49	1.0125	1.0089
117	195	G21L	G	100	239.13	1.0128	1.01
118	201.96	G22L	G	100	246.15	1.0123	1.0085
119	210.34	G23L	G	100	258.49	1.014	1.01
120	195.53	G24R	G	100	240.44	1.0097	1.0067
121	195	G01R	G	125	240.13	1.0113	1.0081
122	214.22	G02L	G	125	259.27	1.01	1.0067
123	195.53	G04L	G	125	240.23	1.01	1.007
124	213.73	G05R	G	125	258.98	1.0101	1.007
125	175.4	G06R	G	125	220.8	1.0092	1.0061
126	212.18	G07L	G	125	257.77	1.011	1.007
127	215.1	G08L	G	125	260.11	1.01	1.007
128	201.75	G09L	G	125	246.99	1.0101	1.0062
129	214.79	G10L	G	125	259.87	1.0104	1.0079
130	202.06	G11R	G	125	247.15	1.0105	1.0081
131	211.38	G12R	G	125	259.33	1.0105	1.0073
132	174.44	G13L	G	125	219.84	1.0083	1.0055
133	212.18	G14R	G	125	256.87	1.013	1.009
134	210.02	G15R	G	125	260.19	1.0121	1.0084
135	195	G16R	G	125	239.53	1.0121	1.008
136	214.22	G17R	G	125	256.63	1.0116	1.0077
137	202	G18R	G	125	247.09	1.0108	1.008
138	175.51	G19L	G	125	220.49	1.0102	1.007
139	210.69	G20L	G	125	255.95	1.0116	1.0075
140	212.18	G22L	G	125	257.09	1.0115	1.0083
141	215.1	G23L	G	125	254.65	1.015	1.008
142	201.75	G24R	G	125	246.27	1.01	1.007
143	194.96	G01R	G	150	239.97	1.011	1.0075
144	211.19	G02L	G	150	256.28	1.0095	1.006
145	201.75	G04L	G	150	247.12	1.009	1.006
146	214.79	G05R	G	150	260.21	1.01	1.0062
147	202.06	G06R	G	150	247.14	1.0092	1.0052
148	211.38	G07L	G	150	256.76	1.01	1.0062
149	174.44	G08L	G	150	219.36	1.0092	1.0065
150	194.94	G09L	G	150	240.11	1.009	1.0052
151	210.02	G10L	G	150	258.33	1.011	1.008
152	195	G11R	G	150	240.28	1.0102	1.008
153	214.22	G12R	G	150	256.34	1.0101	1.0071
154	202	G13L	G	150	246.85	1.011	1.0075
155	194.94	G14R	G	150	239.86	1.015	1.0105
156	210.69	G15R	G	150	255.87	1.012	1.008
157	194.96	G16R	G	150	240.05	1.0113	1.007
158	211.19	G17R	G	150	257.06	1.0145	1.01
159	194.88	G18R	G	150	239.72	1.012	1.008
160	201.96	G19L	G	150	246.88	1.0114	1.0082
161	210.34	G20L	G	150	260.11	1.0125	1.0085
162	211.38	G22L	G	150	259.57	1.0075	1.006
163	174.44	G23L	G	150	219.83	1.0108	1.0055
164	194.94	G24R	G	150	239.71	1.012	1.0081
165	195.53	G01R	G	175	240.45	1.0104	1.007
166	213.73	G02L	G	175	259.11	1.009	1.0055
167	194.94	G04L	G	175	239.66	1.008	1.005
168	210.02	G05R	G	175	255.12	1.009	1.0061
169	195	G06R	G	175	240.58	1.009	1.0051
170	214.22	G07L	G	175	259.15	1.01	1.0061
171	202	G08L	G	175	246.81	1.0099	1.006
172	175.51	G09L	G	175	220.77	1.009	1.0052
173	210.69	G10L	G	175	256.01	1.0101	1.0067
174	194.96	G11R	G	175	239.85	1.01	1.007
175	211.19	G12R	G	175	256.72	1.0103	1.0072
176	194.88	G13L	G	175	239.8	1.0102	1.007
177	175.51	G14R	G	175	220.41	1.0145	1.01
178	210.34	G15R	G	175	260.2	1.0101	1.0075
179	195.53	G16R	G	175	240.27	1.0142	1.011
180	213.73	G17R	G	175	255.15	1.013	1.0085
181	175.4	G18R	G	175	220.65	1.0136	1.0093
182	212.18	G19L	G	175	257.05	1.0117	1.0083
183	215.1	G20L	G	175	254.92	1.0128	1.0088
184	214.22	G22L	G	175	256.18	1.0042	1.001
185	202	G23L	G	175	247.36	1.007	1.0085
186	175.51	G24R	G	175	220.94	1.0115	1.007
187	201.75	G01R	G	200	247.06	1.01	1.0062
188	214.79	G02L	G	200	260.35	1.009	1.005
189	202	G03	G	200	247.15	1.008	1.005
190	175.51	G04L	G	200	219.78	1.0085	1.005
191	210.69	G05R	G	200	256.04	1.009	1.006
192	194.96	G06R	G	200	240.11	1.0086	1.005
193	211.19	G07L	G	200	256.19	1.0092	1.006
194	194.88	G08L	G	200	239.82	1.0086	1.006
195	201.96	G09L	G	200	247.12	1.0099	1.006
196	210.34	G10L	G	200	255.21	1.0101	1.0063
197	195.53	G11R	G	200	240.36	1.01	1.007
198	213.73	G12R	G	200	255.71	1.0095	1.0072
199	175.4	G13L	G	200	220.3	1.012	1.0085
200	201.96	G14R	G	200	246.75	1.0133	1.0099
201	215.1	G15R	G	200	255.29	1.0138	1.0095
202	201.75	G16R	G	200	246.75	1.0133	1.009
203	214.79	G17R	G	200	258.33	1.014	1.01
204	202.06	G18R	G	200	246.96	1.0152	1.0109
205	211.38	G19L	G	200	258.92	1.011	1.0075
206	174.44	G20L	G	200	219.62	1.01	1.007
207	194.96	G21L	G	200	239.26	1.0112	1.0075
208	211.19	G22L	G	200	256.62	1.0038	1.0012
209	194.88	G23L	G	200	239.84	1.0052	1.003
210	201.96	G24R	G	200	246.61	1.0095	1.0055
1	212.18	CS25LRX	CS	0	257.54	1.007	1.0035
2	210.02	CS26LAX	CS	0	259.5	1.0065	1.0035
3	194.88	CS27RXX	CS	0	240.24	1.005	1.0036
4	201.75	CS28RRX	CS	0	246.4	1.0062	1.004
5	214.22	CS29RXX	CS	0	256.1	1.0065	1.004
6	210.34	CS30CAX	CS	0	260.03	1.0064	1.0039
7	202.06	CS31RAX	CS	0	246.65	1.009	1.005
8	175.51	CS32RXX	CS	0	220.47	1.012	1.004
9	213.73	CS33CRX	CS	0	254.93	1.0075	1.0045
10	174.44	CS34RXX	CS	0	218.5	1.008	1.005
11	194.96	CS35LRX	CS	0	242.03	1.008	1.0055
12	212.18	CS36LAX	CS	0	260.31	1.009	1.005
13	210.02	CS37RXX	CS	0	260.86	1.008	1.005
14	194.88	CS38LAX	CS	0	239.57	1.008	1.0048
15	201.75	CS39LXX	CS	0	247.59	1.008	1.005
16	214.22	CS40LAX	CS	0	255.64	1.0075	1.0045
17	210.34	CS41RAX	CS	0	262.76	1.009	1.0052
18	202.06	CS42LXX	CS	0	247.52	1.0075	1.0041
19	175.51	CS43LRX	CS	0	220.92	1.0088	1.005
20	213.73	CS44RAX	CS	0	255.82	1.007	1.004
21	174.44	CS45LRX	CS	0	219.77	1.0088	1.0051
22	195	CS46RXX	CS	0	239.8	1.0089	1.0049
23	201.96	CS47RXX	CS	0	249.74	1.0087	1.0049
24	214.79	CS48LXX	CS	0	260.61	1.0091	1.0051
25	211.38	CS25LRX	CS	15	259.26	1.007	1.004
26	210.69	CS26LAX	CS	15	255.77	1.0068	1.004
27	175.4	CS27RXX	CS	15	220.86	1.0073	1.0042
28	194.94	CS28RRX	CS	15	239.61	1.0068	1.0042
29	211.19	CS29RXX	CS	15	256.14	1.0065	1.004
30	215.1	CS30CAX	CS	15	255.07	1.0075	1.004
31	195	CS31RAX	CS	15	240.2	1.009	1.0055
32	201.96	CS32RXX	CS	15	246.74	1.009	1.0055
33	214.79	CS33CRX	CS	15	254.97	1.008	1.005
34	202	CS34RXX	CS	15	250.69	1.01	1.006
35	195.53	CS35LRX	CS	15	244.21	1.0079	1.0058
36	211.38	CS36LAX	CS	15	261.82	1.0092	1.0052
37	210.69	CS37RXX	CS	15	256.77	1.0097	1.0058
38	175.4	CS38LAX	CS	15	220.06	1.0087	1.0049
39	194.94	CS39LXX	CS	15	239.87	1.008	1.005
40	211.19	CS40LAX	CS	15	256.54	1.0085	1.005
41	215.1	CS41RAX	CS	15	255.98	1.0085	1.0052
42	195	CS42LXX	CS	15	241.09	1.008	1.0046
43	201.96	CS43LRX	CS	15	250.1	1.0079	1.0049
44	214.79	CS44RAX	CS	15	264.37	1.009	1.0048
45	202	CS45LRX	CS	15	249.39	1.009	1.0052
46	194.96	CS46RXX	CS	15	241.78	1.0083	1.0059
47	212.18	CS47RXX	CS	15	257.39	1.0084	1.0051
48	210.02	CS48LXX	CS	15	260.09	1.0082	1.005
49	214.22	CS25LRX	CS	30	255.85	1.007	1.004
50	210.34	CS26LAX	CS	30	259.69	1.0081	1.005
51	202.06	CS27RXX	CS	30	247.18	1.008	1.0045
52	175.51	CS28RRX	CS	30	220.27	1.0075	1.0045
53	213.73	CS29RXX	CS	30	255.67	1.0075	1.0042
54	174.44	CS30CAX	CS	30	219.16	1.009	1.0055
55	194.96	CS31RAX	CS	30	239.53	1.0087	1.0052
56	212.18	CS32RXX	CS	30	256.72	1.01	1.0059
57	210.02	CS33CRX	CS	30	259.77	1.0084	1.0052
58	194.88	CS34RXX	CS	30	243.71	1.009	1.0055
59	201.75	CS35LRX	CS	30	246.94	1.009	1.005
60	214.22	CS36LAX	CS	30	257.1	1.009	1.0052
61	210.34	CS37RXX	CS	30	259.4	1.009	1.006
62	202.06	CS38LAX	CS	30	245.8	1.0085	1.0045
63	175.51	CS39LXX	CS	30	221.64	1.0089	1.005
64	213.73	CS40LAX	CS	30	255.97	1.009	1.0057
65	174.44	CS41RAX	CS	30	218.4	1.0088	1.0051
66	194.96	CS42LXX	CS	30	242.75	1.0093	1.0049
67	212.18	CS43LRX	CS	30	258.91	1.008	1.0045
68	210.02	CS44RAX	CS	30	260.31	1.009	1.0041
69	194.88	CS45LRX	CS	30	239.17	1.0085	1.005
70	195.53	CS46RXX	CS	30	243.21	1.0091	1.006
71	211.38	CS47RXX	CS	30	258.87	1.0087	1.005
72	210.69	CS48LXX	CS	30	256.62	1.0091	1.0055
73	211.19	CS25LRX	CS	45	256.44	1.008	1.005
74	215.1	CS26LAX	CS	45	254.97	1.0086	1.0052
75	195	CS27RXX	CS	45	239.64	1.008	1.0045
76	201.96	CS28RRX	CS	45	246.75	1.008	1.0048
77	214.79	CS29RXX	CS	45	258.93	1.008	1.0048
78	202	CS30CAX	CS	45	246.61	1.0079	1.004
79	195.53	CS31RAX	CS	45	240.31	1.0092	1.006
80	211.38	CS32RXX	CS	45	259.37	1.0087	1.006
81	210.69	CS33CRX	CS	45	255.38	1.009	1.0055
82	175.4	CS34RXX	CS	45	221.62	1.0085	1.0052
83	194.94	CS35LRX	CS	45	239.76	1.0092	1.0055
84	211.19	CS36LAX	CS	45	257.43	1.009	1.0052
85	215.1	CS37RXX	CS	45	257.68	1.01	1.0062
86	195	CS38LAX	CS	45	240.58	1.0087	1.005
87	201.96	CS39LXX	CS	45	246.45	1.0083	1.005
88	214.79	CS40LAX	CS	45	261.24	1.0085	1.005
89	202	CS41RAX	CS	45	248.74	1.009	1.0052
90	195.53	CS42LXX	CS	45	242.23	1.009	1.0051
91	211.38	CS43LRX	CS	45	264.27	1.009	1.0051
92	210.69	CS44RAX	CS	45	257.03	1.0083	1.0049
93	175.4	CS45LRX	CS	45	221.43	1.0091	1.0051
94	201.75	CS46RXX	CS	45	249.13	1.009	1.006
95	214.22	CS47RXX	CS	45	257.17	1.009	1.0056
96	210.34	CS48LXX	CS	45	261.01	1.009	1.0056
97	213.73	CS25LRX	CS	100	254.86	1.0113	1.008
98	174.44	CS26LAX	CS	100	218.98	1.011	1.0075
99	194.96	CS27RXX	CS	100	239.3	1.0095	1.0062
100	212.18	CS28RRX	CS	100	256.62	1.01	1.0063
101	210.02	CS29RXX	CS	100	259.38	1.0093	1.0068
102	194.88	CS30CAX	CS	100	239.19	1.007	1.005
103	201.75	CS31RAX	CS	100	246.51	1.009	1.007
104	214.22	CS32RXX	CS	100	255.55	1.009	1.006
105	210.34	CS33CRX	CS	100	260.04	1.0088	1.0059
106	202.06	CS34RXX	CS	100	247.6	1.0092	1.006
107	175.51	CS35LRX	CS	100	224.41	1.01	1.0065
108	213.73	CS36LAX	CS	100	255.73	1.0097	1.0055
109	174.44	CS37RRX	CS	100	216.36	1.013	1.0093
110	194.96	CS38LAX	CS	100	239.6	1.009	1.0062
111	212.18	CS39LXX	CS	100	257.12	1.009	1.0055
112	210.02	CS40LAX	CS	100	259.85	1.012	1.007
113	194.88	CS41RAX	CS	100	239.28	1.0085	1.005
114	201.75	CS42LXX	CS	100	246.32	1.0081	1.005
115	214.22	CS43LRX	CS	100	257.93	1.0075	1.0048
116	210.34	CS44RAX	CS	100	261.41	1.008	1.005
117	194.94	CS46RXX	CS	100	240.24	1.01	1.0069
118	211.19	CS47RXX	CS	100	256.85	1.009	1.0059
119	215.1	CS48LXX	CS	100	256.19	1.0093	1.006
120	214.79	CS25LRX	CS	200	258.84	1.0085	1.0051
121	202	CS26LAX	CS	200	247.03	1.0083	1.005
122	195.53	CS27RXX	CS	200	240.16	1.0084	1.0051
123	211.38	CS28RRX	CS	200	259.28	1.0095	1.0052
124	210.69	CS29RXX	CS	200	255.62	1.009	1.0055
125	175.4	CS30CAX	CS	200	220.15	1.0075	1.006
126	194.94	CS31RAX	CS	200	240.11	1.01	1.0065
127	211.19	CS32RXX	CS	200	256.38	1.0091	1.0065
128	215.1	CS33CRX	CS	200	255.07	1.01	1.006
129	195	CS34RXX	CS	200	244.78	1.011	1.0063
130	201.96	CS35LRX	CS	200	253.38	1.012	1.007
131	214.79	CS36LAX	CS	200	259.21	1.01	1.006
132	202	CS37RRX	CS	200	247.37	1.005	1.0029
133	195.53	CS38LAX	CS	200	237.76	1.018	1.013
134	211.38	CS39LXX	CS	200	258.35	1.009	1.006
135	210.69	CS40LAX	CS	200	257.88	1.011	1.0075
136	175.4	CS41RAX	CS	200	221.44	1.0091	1.0059
137	194.94	CS42LXX	CS	200	242.11	1.0097	1.0053
138	211.19	CS43LRX	CS	200	258.19	1.0097	1.0052
139	215.1	CS44RAX	CS	200	255.33	1.0093	1.0052
140	202.06	CS45LRX	CS	200	246.83	1.0039	1.0026
141	175.51	CS46RXX	CS	200	223.23	1.006	1.0036
142	213.73	CS47RXX	CS	200	256.87	1.0095	1.0061